# iPhone 13 Pro

intrinsic: [489.67542871535045, 490.79240297876072, 323.85872342899847, 241.6239251836401]

q_bi: [0, 0, 0, 1] # x y z w
q_bc: [-0.7071068, 0.7071068, 0, 0 ]
q_bo: [-0.7071068, 0.7071068, 0, 0 ]

p_bc: [0.053617261855615515, -0.0016905232538204646, -0.0075510493739824724]
p_bo: [0.053617261855615515, -0.0016905232538204646, -0.0075510493739824724]
p_bi: [0, 0, 0]

sigma_u: 0.5
sigma_w: 4.e-8
sigma_a: 4.e-6
sigma_bg: 1.0e-10
sigma_ba: 1.0e-8
