# iPhone 11 Pro Max

intrinsic: [481.0881664190002, 480.4710792467649, 320.2416345895888, 229.6982006177264] # fx fy cx cy

q_bi: [0, 0, 0, 1] # x y z w
q_bc: [-0.7071068, 0.7071068, 0, 0 ]
q_bo: [-0.7071068, 0.7071068, 0, 0 ]

p_bc: [0.008186069081733506, 0.05197677884867596, 0.01508072339704177]
p_bo: [0.008186069081733506, 0.05197677884867596, 0.01508072339704177]
p_bi: [0, 0, 0]

sigma_u: 0.5
sigma_w: 4.e-8
sigma_a: 4.e-6
sigma_bg: 1.0e-10
sigma_ba: 1.0e-8
