# iPhone XS Max

intrinsic: [483.5317345478957, 484.6903836596454, 319.3868181060467, 236.3964709922874] # fx fy cx cy

q_bi: [0, 0, 0, 1] # x y z w
q_bc: [-0.7071068, 0.7071068, 0, 0 ]
q_bo: [-0.7071068, 0.7071068, 0, 0 ]

p_bc: [0.0002617191809000106, 0.06166235902652958, -0.001864498673761416]
p_bo: [0.0002617191809000106, 0.06166235902652958, -0.001864498673761416]
p_bi: [0, 0, 0]

sigma_u: 0.5
sigma_w: 4.e-8
sigma_a: 4.e-6
sigma_bg: 1.0e-10
sigma_ba: 1.0e-8
