# iPhone 13 Pro

intrinsic: [448.96781816245402, 449.14399528627763, 321.34605334072404, 240.71641804985396]

q_bi: [0, 0, 0, 1] # x y z w
q_bc: [-0.7071068, 0.7071068, 0, 0 ]
q_bo: [-0.7071068, 0.7071068, 0, 0 ]

p_bc: [0.03290364, -0.00696553, -0.00286231]
p_bo: [0.03290364, -0.00696553, -0.00286231]
p_bi: [0, 0, 0]

sigma_u: 0.5
sigma_w: 4.e-8
sigma_a: 4.e-6
sigma_bg: 1.0e-10
sigma_ba: 1.0e-8
