# iPhone X

intrinsic: [524.742906796, 524.638736552, 322.496951979, 235.249899518] # fx fy cx cy

q_bi: [0, 0, 0, 1] # x y z w
q_bc: [-0.7071068, 0.7071068, 0, 0 ]
q_bo: [-0.7071068, 0.7071068, 0, 0 ]

p_bc: [0.0229970087959, 0.0754115110747, -0.0024726172229]
p_bo: [0.0229970087959, 0.0754115110747, -0.0024726172229]
p_bi: [0, 0, 0]

sigma_u: 0.5
sigma_w: 4.e-8
sigma_a: 4.e-6
sigma_bg: 1.0e-10
sigma_ba: 1.0e-8
