# iPhone 13

intrinsic: [483.22335482885603, 483.75821365178473, 320.49073218201124, 238.06214765085522] # fx fy cx cy

q_bi: [0, 0, 0, 1] # x y z w
q_bc: [-0.7071068, 0.7071068, 0, 0 ]
q_bo: [-0.7071068, 0.7071068, 0, 0 ]

p_bc: [0.0017504484096228939, -0.022064045707162229, 0.013062295349886925]
p_bo: [0.0017504484096228939, -0.022064045707162229, 0.013062295349886925]
p_bi: [0, 0, 0]

sigma_u: 0.5
sigma_w: 4.e-8
sigma_a: 4.e-6
sigma_bg: 1.0e-10
sigma_ba: 1.0e-8
