# iPhone 11

intrinsic: [483.527130641, 483.162188656, 317.906683089, 229.805889167] # fx fy cx cy

q_bi: [0, 0, 0, 1] # x y z w
q_bc: [-0.7071068, 0.7071068, 0, 0 ]
q_bo: [-0.7071068, 0.7071068, 0, 0 ]

p_bc: [0.0098023128033, 0.0942390213267, 0.00624109495822]
p_bo: [0.0098023128033, 0.0942390213267, 0.00624109495822]
p_bi: [0, 0, 0]

sigma_u: 0.5
sigma_w: 4.e-8
sigma_a: 4.e-6
sigma_bg: 1.0e-10
sigma_ba: 1.0e-8
