# iPhone 13 mini

intrinsic: [484.78541249857631, 485.50275998106952, 328.37382189007457, 242.62088466893189] # fx fy cx cy

q_bi: [0, 0, 0, 1] # x y z w
q_bc: [-0.7071068, 0.7071068, 0, 0 ]
q_bo: [-0.7071068, 0.7071068, 0, 0 ]

p_bc: [0.0086991239933890945, -0.016880126167925964, 0.0098148487458858576]
p_bo: [0.0086991239933890945, -0.016880126167925964, 0.0098148487458858576]
p_bi: [0, 0, 0]

sigma_u: 0.5
sigma_w: 4.e-8
sigma_a: 4.e-6
sigma_bg: 1.0e-10
sigma_ba: 1.0e-8
