# iPhone XS

intrinsic: [483.302341374, 483.554273195, 314.618580309, 228.142471726] # fx fy cx cy

q_bi: [0, 0, 0, 1] # x y z w
q_bc: [-0.7071068, 0.7071068, 0, 0 ]
q_bo: [-0.7071068, 0.7071068, 0, 0 ]

p_bc: [0.00280865568868, 0.0613231596705, -0.00507329799056]
p_bo: [0.00280865568868, 0.0613231596705, -0.00507329799056]
p_bi: [0, 0, 0]

sigma_u: 0.5
sigma_w: 4.e-8
sigma_a: 4.e-6
sigma_bg: 1.0e-10
sigma_ba: 1.0e-8
