# iPhone 12 Pro

intrinsic: [475.718439315, 476.682666991, 317.023523238, 231.984642714] # fx fy cx cy

q_bi: [0, 0, 0, 1] # x y z w
q_bc: [-0.7071068, 0.7071068, 0, 0 ]
q_bo: [-0.7071068, 0.7071068, 0, 0 ]

p_bc: [0.0236924070003, 0.0306503133762, -0.00907115099061]
p_bo: [0.0236924070003, 0.0306503133762, -0.00907115099061]
p_bi: [0, 0, 0]

sigma_u: 0.5
sigma_w: 4.e-8
sigma_a: 4.e-6
sigma_bg: 1.0e-10
sigma_ba: 1.0e-8
