# iPhone 13 Pro Max

intrinsic: [449.70156061969561, 449.5948345796204, 320.0306916959621, 241.17807217140279] # fx fy cx cy

q_bi: [0, 0, 0, 1] # x y z w
q_bc: [-0.7071068, 0.7071068, 0, 0 ]
q_bo: [-0.7071068, 0.7071068, 0, 0 ]

p_bc: [0.051086763193413348, 0.013334553845510754, -0.014626233346968227]
p_bo: [0.051086763193413348, 0.013334553845510754, -0.014626233346968227]
p_bi: [0, 0, 0]

sigma_u: 0.5
sigma_w: 4.e-8
sigma_a: 4.e-6
sigma_bg: 1.0e-10
sigma_ba: 1.0e-8
