# iPhone 12 Pro Max

intrinsic: [490.44594435582246, 491.19931738118839, 320.36597511962873, 237.91757515577376] # fx fy cx cy

q_bi: [0, 0, 0, 1] # x y z w
q_bc: [-0.7071068, 0.7071068, 0, 0 ]
q_bo: [-0.7071068, 0.7071068, 0, 0 ]

p_bc: [0.030357133865694889, 0.0089743003907246603, -0.0074080328213569331]
p_bo: [0.030357133865694889, 0.0089743003907246603, -0.0074080328213569331]
p_bi: [0, 0, 0]

sigma_u: 0.5
sigma_w: 4.e-8
sigma_a: 4.e-6
sigma_bg: 1.0e-10
sigma_ba: 1.0e-8
