# iPhone 13 Pro Max

intrinsic: [487.63910146299173, 488.43945947572024, 321.06439580806989, 237.35670903126817] # fx fy cx cy

q_bi: [0, 0, 0, 1] # x y z w
q_bc: [-0.7071068, 0.7071068, 0, 0 ]
q_bo: [-0.7071068, 0.7071068, 0, 0 ]

p_bc: [0.032504350636473806, -0.026039847287655928, -0.005131895302319044]
p_bo: [0.032504350636473806, -0.026039847287655928, -0.005131895302319044]
p_bi: [0, 0, 0]

sigma_u: 0.5
sigma_w: 4.e-8
sigma_a: 4.e-6
sigma_bg: 1.0e-10
sigma_ba: 1.0e-8
