# iPhone 12 mini

intrinsic: [476.465100638, 477.282230536, 316.222405685, 230.516688655] # fx fy cx cy

q_bi: [0, 0, 0, 1] # x y z w
q_bc: [-0.7071068, 0.7071068, 0, 0 ]
q_bo: [-0.7071068, 0.7071068, 0, 0 ]

p_bc: [0.0154312244201, 0.0135759108866, -0.0142463023927]
p_bo: [0.0154312244201, 0.0135759108866, -0.0142463023927]
p_bi: [0, 0, 0]

sigma_u: 0.5
sigma_w: 4.e-8
sigma_a: 4.e-6
sigma_bg: 1.0e-10
sigma_ba: 1.0e-8
