# iPhone 11 Pro

intrinsic: [481.413753612, 480.912030316, 319.436583539, 232.480172072] # fx fy cx cy

q_bi: [0, 0, 0, 1] # x y z w
q_bc: [-0.7071068, 0.7071068, 0, 0 ]
q_bo: [-0.7071068, 0.7071068, 0, 0 ]

p_bc: [0.00218339193373, 0.0570288900691, -0.00283706920085]
p_bo: [0.00218339193373, 0.0570288900691, -0.00283706920085]
p_bi: [0, 0, 0]

sigma_u: 0.5
sigma_w: 4.e-8
sigma_a: 4.e-6
sigma_bg: 1.0e-10
sigma_ba: 1.0e-8
