# iPhone 12

intrinsic: [477.89396911927014, 478.93641880878255, 320.806586299477, 231.07172384113187] # fx fy cx cy

q_bi: [0, 0, 0, 1] # x y z w
q_bc: [-0.7071068, 0.7071068, 0, 0 ]
q_bo: [-0.7071068, 0.7071068, 0, 0 ]

p_bc: [0.033366085092802436, 0.009419070514053628, -0.006188374507046947]
p_bo: [0.033366085092802436, 0.009419070514053628, -0.006188374507046947]
p_bi: [0, 0, 0]

sigma_u: 0.5
sigma_w: 4.e-8
sigma_a: 4.e-6
sigma_bg: 1.0e-10
sigma_ba: 1.0e-8
