# iPhone XR

intrinsic: [476.9850330983187, 476.5605738420813, 318.4074133577961, 229.4076959712644] # fx fy cx cy

q_bi: [0, 0, 0, 1] # x y z w
q_bc: [-0.7071068, 0.7071068, 0, 0 ]
q_bo: [-0.7071068, 0.7071068, 0, 0 ]

p_bi: [0, 0, 0]
p_bc: [0.0129, 0.083, -0.010]
p_bo: [0.0129, 0.083, -0.010]


sigma_u: 0.5
sigma_w: 2.e-8
sigma_a: 2.e-6
sigma_bg: 8.0e-12
sigma_ba: 8.0e-10
